[Header];World 1;Level custom;33;0;90;100;400;3000;100000;
==========================================================
[Block];0;0;0;0;-1;
[Block];1;0;128;0;-1;
[Block];2;0;256;0;-1;
[Block];3;0;384;0;-1;
[Block];4;0;512;0;-1;
[Block];5;0;640;0;-1;
[Block];6;0;1024;0;-1;
[Block];7;0;768;0;-1;
[Block];8;0;896;0;-1;
[Block];9;0;1152;0;-1;
[Block];10;0;1280;0;-1;
[Block];11;0;1408;0;-1;
[Block];12;0;1536;0;-1;
[Block];13;0;1664;0;-1;
[Block];14;0;1792;0;-1;
[Block];15;0;1920;0;-1;
[Block];16;0;2048;0;-1;
[Block];17;0;2176;0;-1;
[Block];18;0;2304;0;-1;
[Block];19;0;2432;0;-1;
[Block];20;0;2560;0;-1;
[Block];21;0;2688;0;-1;
[Block];22;0;2816;0;-1;
[Block];23;0;2944;0;-1;
[Block];24;0;3072;0;-1;
[Block];25;0;3200;0;-1;
[Block];26;0;3328;0;-1;
[Block];27;0;3456;0;-1;
[Block];28;0;3584;0;-1;
[Block];29;3;416;96;-1;
[Block];30;3;608;96;-1;
[Block];31;3;576;96;-1;
[Block];32;3;384;96;-1;
==========================================================
==========================================================
[Bonus];0;2;256;96;
[Bonus];1;2;288;96;
[Bonus];2;2;320;96;
[Bonus];3;1;480;128;
[Bonus];4;1;512;128;
[Bonus];5;0;384;128;
[Bonus];6;0;416;128;
[Bonus];7;0;416;160;
[Bonus];8;0;384;160;
[Bonus];9;0;384;192;
[Bonus];10;0;416;192;
[Bonus];11;0;576;128;
[Bonus];12;0;576;160;
[Bonus];13;0;576;192;
[Bonus];14;0;608;192;
[Bonus];15;0;608;160;
[Bonus];16;0;608;128;
[Bonus];17;0;704;160;
[Bonus];18;0;640;160;
[Bonus];19;0;672;160;
[Bonus];20;0;768;160;
[Bonus];21;0;736;160;
[Bonus];22;0;832;160;
[Bonus];23;0;800;160;
[Bonus];24;0;896;160;
[Bonus];25;0;864;160;
[Bonus];26;0;928;160;
[Bonus];27;0;992;160;
[Bonus];28;0;960;160;
[Bonus];29;0;1024;160;
[Bonus];30;0;1056;160;
[Bonus];31;0;1120;160;
[Bonus];32;0;1152;160;
[Bonus];33;0;1216;160;
[Bonus];34;0;1184;160;
[Bonus];35;0;1088;160;
[Bonus];36;0;1248;160;
[Bonus];37;0;1312;160;
[Bonus];38;0;1376;160;
[Bonus];39;0;1440;160;
[Bonus];40;0;1472;160;
[Bonus];41;0;1408;160;
[Bonus];42;0;1344;160;
[Bonus];43;0;1280;160;
[Bonus];44;0;1504;160;
[Bonus];45;0;1568;160;
[Bonus];46;0;1600;160;
[Bonus];47;0;1664;160;
[Bonus];48;0;1696;160;
[Bonus];49;0;1728;160;
[Bonus];50;0;1760;160;
[Bonus];51;0;1632;160;
[Bonus];52;0;1536;160;
[Bonus];53;0;1792;160;
[Bonus];54;0;1824;160;
[Bonus];55;0;1856;160;
[Bonus];56;0;1888;160;
[Bonus];57;0;1920;160;
[Bonus];58;0;1952;160;
[Bonus];59;0;1984;160;
[Bonus];60;0;2016;160;
[Bonus];61;0;2048;160;
[Bonus];62;0;2080;160;
[Bonus];63;0;2112;160;
[Bonus];64;0;2144;160;
[Bonus];65;0;2176;160;
[Bonus];66;0;2208;160;
[Bonus];67;0;2272;160;
[Bonus];68;0;2304;160;
[Bonus];69;0;2336;160;
[Bonus];70;0;2368;160;
[Bonus];71;0;2240;160;
[Bonus];72;0;2400;160;
[Bonus];73;0;2432;160;
[Bonus];74;0;2464;160;
[Bonus];75;0;2496;160;
[Bonus];76;0;2528;160;
[Bonus];77;0;2560;160;
[Bonus];78;0;2592;160;
[Bonus];79;0;2624;160;
[Bonus];80;0;2656;160;
[Bonus];81;0;2688;160;
[Bonus];82;0;2752;160;
[Bonus];83;0;2784;160;
[Bonus];84;0;2720;160;
[Bonus];85;0;2816;160;
[Bonus];86;0;2848;160;
[Bonus];87;0;2880;160;
[Bonus];88;0;2912;160;
[Bonus];89;0;2944;160;
