[Header];World 1;Level 3;122;21;82;100;400;6000;100000;
==========================================================
[Block];0;0;128;-96;-1;
[Block];1;0;0;-96;-1;
[Block];2;0;-128;-96;-1;
[Block];3;0;-256;-96;-1;
[Block];4;0;-384;-96;-1;
[Block];5;0;-384;0;-1;
[Block];6;0;-384;96;-1;
[Block];7;0;-384;192;-1;
[Block];8;0;-384;288;-1;
[Block];9;0;-384;384;-1;
[Block];10;3;-256;448;-1;
[Block];11;3;-224;448;-1;
[Block];12;3;-192;448;-1;
[Block];13;3;-160;448;-1;
[Block];14;0;256;-96;-1;
[Block];15;0;384;-96;-1;
[Block];16;0;5632;0;-1;
[Block];17;5;416;128;0;
[Block];18;5;480;128;1;
[Block];19;4;736;160;-1;
[Block];20;3;672;128;-1;
[Block];21;4;576;128;-1;
[Block];22;4;512;128;-1;
[Block];23;4;448;128;-1;
[Block];24;4;640;128;-1;
[Block];25;4;384;128;-1;
[Block];26;3;736;128;-1;
[Block];27;4;352;160;-1;
[Block];28;3;608;128;-1;
[Block];29;0;768;-96;-1;
[Block];30;0;896;-96;-1;
[Block];31;0;1024;-96;-1;
[Block];32;3;1120;0;-1;
[Block];33;3;1216;128;-1;
[Block];34;3;1248;128;-1;
[Block];35;3;1280;128;-1;
[Block];36;1;1344;256;-1;
[Block];37;1;1440;256;-1;
[Block];38;3;544;128;-1;
[Block];39;5;352;128;0;
[Block];40;3;1504;288;-1;
[Block];41;0;6528;0;-1;
[Block];42;0;6400;0;-1;
[Block];43;0;6272;0;-1;
[Block];44;0;6144;0;-1;
[Block];45;0;6016;0;-1;
[Block];46;0;5888;0;-1;
[Block];47;0;5760;0;-1;
[Block];48;4;704;128;-1;
[Block];49;1;1632;384;-1;
[Block];50;1;1824;480;-1;
[Block];51;1;1920;480;-1;
[Block];52;1;2016;480;-1;
[Block];53;1;2112;480;-1;
[Block];54;1;2400;160;-1;
[Block];55;1;2496;160;-1;
[Block];56;1;2688;256;-1;
[Block];57;1;2784;256;-1;
[Block];58;5;2016;640;0;
[Block];59;5;1888;640;0;
[Block];60;5;2112;640;0;
[Block];61;4;2144;640;-1;
[Block];62;4;2080;640;-1;
[Block];63;4;2048;640;-1;
[Block];64;4;1984;640;-1;
[Block];65;4;1952;640;-1;
[Block];66;4;1920;640;-1;
[Block];67;1;2880;256;-1;
[Block];68;1;2976;256;-1;
[Block];69;1;3072;256;-1;
[Block];70;1;3168;256;-1;
[Block];71;0;3584;0;-1;
[Block];72;0;3712;0;-1;
[Block];73;0;3840;0;-1;
[Block];74;0;3968;0;-1;
[Block];75;2;4096;96;-1;
[Block];76;1;4128;192;-1;
[Block];77;1;4224;192;-1;
[Block];78;2;4608;96;-1;
[Block];79;1;4416;192;-1;
[Block];80;3;4576;64;-1;
[Block];81;2;4096;0;-1;
[Block];82;0;4736;0;-1;
[Block];83;3;4160;64;-1;
[Block];84;3;4192;64;-1;
[Block];85;3;4224;64;-1;
[Block];86;3;4256;64;-1;
[Block];87;3;4320;64;-1;
[Block];88;3;4288;64;-1;
[Block];89;3;4352;64;-1;
[Block];90;3;4384;64;-1;
[Block];91;3;4416;64;-1;
[Block];92;3;4448;64;-1;
[Block];93;3;4480;64;-1;
[Block];94;3;4512;64;-1;
[Block];95;3;4544;64;-1;
[Block];96;5;4512;192;0;
[Block];97;5;4544;192;1;
[Block];98;5;4576;192;0;
[Block];99;3;4608;192;-1;
[Block];100;3;4640;192;-1;
[Block];101;2;4608;0;-1;
[Block];102;3;4672;64;-1;
[Block];103;3;4704;64;-1;
[Block];104;0;4864;0;-1;
[Block];105;0;4992;0;-1;
[Block];106;0;5120;0;-1;
[Block];107;0;5248;0;-1;
[Block];108;3;5280;480;-1;
[Block];109;3;4608;256;-1;
[Block];110;3;4800;352;-1;
[Block];111;3;4960;384;-1;
[Block];112;3;4640;288;-1;
[Block];113;3;4608;224;-1;
[Block];114;3;4640;224;-1;
[Block];115;3;4640;256;-1;
[Block];116;3;4608;288;-1;
[Block];117;3;5120;416;-1;
[Block];118;3;5440;544;-1;
[Block];119;3;5600;576;-1;
[Block];120;1;5472;160;-1;
[Block];121;3;288;64;-1;
==========================================================
[Enemy];0;1;617;165;
[Enemy];1;0;569;169;
[Enemy];2;1;495;170;
[Enemy];3;0;431;171;
[Enemy];4;1;2104;512;
[Enemy];5;1;2016;510;
[Enemy];6;0;1922;516;
[Enemy];7;0;1692;419;
[Enemy];8;0;1495;323;
[Enemy];9;0;2962;295;
[Enemy];10;1;3051;295;
[Enemy];11;0;3155;297;
[Enemy];12;1;4544;103;
[Enemy];13;1;4181;104;
[Enemy];14;0;4254;108;
[Enemy];15;0;4482;109;
[Enemy];16;1;4413;109;
[Enemy];17;0;4345;116;
[Enemy];18;0;5001;106;
[Enemy];19;0;5081;107;
[Enemy];20;0;5310;112;
==========================================================
[Bonus];0;0;1632;416;
[Bonus];1;0;1664;416;
[Bonus];2;0;1696;416;
[Bonus];3;0;1824;512;
[Bonus];4;0;1856;512;
[Bonus];5;0;2464;256;
[Bonus];6;0;1952;512;
[Bonus];7;0;1984;512;
[Bonus];8;0;2048;512;
[Bonus];9;0;2080;512;
[Bonus];10;0;2144;512;
[Bonus];11;0;2176;512;
[Bonus];12;0;2336;512;
[Bonus];13;0;2368;480;
[Bonus];14;0;2400;448;
[Bonus];15;0;2432;416;
[Bonus];16;0;2464;384;
[Bonus];17;0;2464;320;
[Bonus];18;0;2464;288;
[Bonus];19;0;2464;352;
[Bonus];20;0;1920;512;
[Bonus];21;0;3328;384;
[Bonus];22;0;3360;416;
[Bonus];23;0;3616;256;
[Bonus];24;0;3392;448;
[Bonus];25;0;3456;416;
[Bonus];26;0;3488;384;
[Bonus];27;0;3520;352;
[Bonus];28;0;3552;320;
[Bonus];29;0;3584;288;
[Bonus];30;0;3424;448;
[Bonus];31;0;4576;128;
[Bonus];32;0;4544;128;
[Bonus];33;0;4160;128;
[Bonus];34;0;4192;128;
[Bonus];35;0;5472;192;
[Bonus];36;0;5504;192;
[Bonus];37;0;5536;192;
[Bonus];38;0;5760;672;
[Bonus];39;0;5792;672;
[Bonus];40;0;5824;672;
[Bonus];41;0;5856;672;
[Bonus];42;0;5824;640;
[Bonus];43;0;5856;640;
[Bonus];44;0;5792;640;
[Bonus];45;0;5760;640;
[Bonus];46;0;5856;608;
[Bonus];47;0;5792;608;
[Bonus];48;0;5824;608;
[Bonus];49;0;5760;608;
[Bonus];50;0;5760;576;
[Bonus];51;0;5792;576;
[Bonus];52;0;5824;576;
[Bonus];53;0;5856;576;
[Bonus];54;0;5856;544;
[Bonus];55;0;5824;544;
[Bonus];56;0;5792;544;
[Bonus];57;0;5760;544;
[Bonus];58;0;5760;512;
[Bonus];59;0;5792;512;
[Bonus];60;0;5824;512;
[Bonus];61;0;5856;512;
[Bonus];62;0;5856;480;
[Bonus];63;0;5824;480;
[Bonus];64;0;5792;480;
[Bonus];65;0;5760;480;
[Bonus];66;0;5760;448;
[Bonus];67;0;5792;448;
[Bonus];68;0;5824;448;
[Bonus];69;0;5856;448;
[Bonus];70;0;5856;416;
[Bonus];71;0;5824;416;
[Bonus];72;0;5792;416;
[Bonus];73;0;5760;416;
[Bonus];74;0;5760;384;
[Bonus];75;0;5792;384;
[Bonus];76;0;5824;384;
[Bonus];77;0;5856;384;
[Bonus];78;0;5856;352;
[Bonus];79;0;5824;352;
[Bonus];80;0;5792;352;
[Bonus];81;0;5760;352;
