[Header];World 1;Level 4;98;21;153;100;400;6000;50000;
==========================================================
[Block];0;3;96;64;-1;
[Block];1;3;256;128;-1;
[Block];2;3;416;224;-1;
[Block];3;3;544;352;-1;
[Block];4;3;704;416;-1;
[Block];5;3;832;256;-1;
[Block];6;3;1024;256;-1;
[Block];7;3;1216;256;-1;
[Block];8;3;1376;256;-1;
[Block];9;1;1536;224;-1;
[Block];10;1;1632;224;-1;
[Block];11;1;1728;224;-1;
[Block];12;1;1824;224;-1;
[Block];13;1;1920;224;-1;
[Block];14;1;2112;224;-1;
[Block];15;1;2016;224;-1;
[Block];16;1;2208;224;-1;
[Block];17;1;2304;224;-1;
[Block];18;1;2400;224;-1;
[Block];19;1;2496;224;-1;
[Block];20;1;2592;224;-1;
[Block];21;3;2656;256;-1;
[Block];22;3;1536;256;-1;
[Block];23;0;6528;0;-1;
[Block];24;0;6400;0;-1;
[Block];25;0;6272;0;-1;
[Block];26;0;6144;0;-1;
[Block];27;0;6016;0;-1;
[Block];28;0;5888;0;-1;
[Block];29;0;5760;0;-1;
[Block];30;5;2304;384;1;
[Block];31;5;2336;384;1;
[Block];32;3;2784;288;-1;
[Block];33;3;2912;352;-1;
[Block];34;3;3072;384;-1;
[Block];35;3;3232;416;-1;
[Block];36;3;3392;448;-1;
[Block];37;4;3424;448;-1;
[Block];38;4;3424;576;-1;
[Block];39;4;3456;576;-1;
[Block];40;4;3488;576;-1;
[Block];41;4;3520;576;-1;
[Block];42;4;3552;576;-1;
[Block];43;4;3584;576;-1;
[Block];44;4;3616;576;-1;
[Block];45;4;3648;576;-1;
[Block];46;4;3392;576;-1;
[Block];47;4;3392;608;-1;
[Block];48;4;3392;640;-1;
[Block];49;4;3392;704;-1;
[Block];50;4;3392;672;-1;
[Block];51;4;3392;736;-1;
[Block];52;4;3392;768;-1;
[Block];53;4;3392;800;-1;
[Block];54;4;3424;800;-1;
[Block];55;4;3456;800;-1;
[Block];56;4;3488;800;-1;
[Block];57;4;3520;800;-1;
[Block];58;4;3552;800;-1;
[Block];59;4;3584;800;-1;
[Block];60;4;3616;800;-1;
[Block];61;4;3648;800;-1;
[Block];62;4;3680;800;-1;
[Block];63;4;3712;800;-1;
[Block];64;4;3744;800;-1;
[Block];65;4;3776;800;-1;
[Block];66;4;3808;800;-1;
[Block];67;4;3840;800;-1;
[Block];68;4;3872;800;-1;
[Block];69;4;3904;800;-1;
[Block];70;4;3904;768;-1;
[Block];71;4;3808;576;-1;
[Block];72;4;3776;576;-1;
[Block];73;4;3744;576;-1;
[Block];74;4;3712;576;-1;
[Block];75;4;3680;576;-1;
[Block];76;4;3904;576;-1;
[Block];77;4;3872;576;-1;
[Block];78;4;3840;576;-1;
[Block];79;3;4128;448;-1;
[Block];80;3;4288;448;-1;
[Block];81;1;4416;448;-1;
[Block];82;1;4512;448;-1;
[Block];83;1;4608;448;-1;
[Block];84;1;4704;448;-1;
[Block];85;1;4800;448;-1;
[Block];86;1;4896;448;-1;
[Block];87;3;4992;448;-1;
[Block];88;3;4992;480;-1;
[Block];89;3;4384;448;-1;
[Block];90;3;4384;480;-1;
[Block];91;0;5632;0;-1;
[Block];92;0;5504;0;-1;
[Block];93;0;5376;0;-1;
[Block];94;4;5728;256;-1;
[Block];95;4;5728;288;-1;
[Block];96;1;5280;320;-1;
[Block];97;1;5376;320;-1;
==========================================================
[Enemy];0;1;1587;265;
[Enemy];1;1;1656;261;
[Enemy];2;1;1723;262;
[Enemy];3;1;1788;260;
[Enemy];4;1;1859;260;
[Enemy];5;1;1916;265;
[Enemy];6;1;1983;263;
[Enemy];7;1;2065;261;
[Enemy];8;1;2179;264;
[Enemy];9;1;2278;265;
[Enemy];10;1;2378;265;
[Enemy];11;1;2480;265;
[Enemy];12;1;2580;265;
[Enemy];13;0;4571;497;
[Enemy];14;0;4639;496;
[Enemy];15;0;4508;491;
[Enemy];16;0;4451;483;
[Enemy];17;0;4681;494;
[Enemy];18;0;4730;491;
[Enemy];19;0;4773;491;
[Enemy];20;0;4813;485;
==========================================================
[Bonus];0;0;256;160;
[Bonus];1;0;416;256;
[Bonus];2;0;544;384;
[Bonus];3;0;704;448;
[Bonus];4;0;2080;352;
[Bonus];5;0;2144;352;
[Bonus];6;0;2208;352;
[Bonus];7;0;2112;416;
[Bonus];8;0;2176;416;
[Bonus];9;0;2144;480;
[Bonus];10;0;3424;768;
[Bonus];11;0;3456;768;
[Bonus];12;0;3488;768;
[Bonus];13;0;3552;768;
[Bonus];14;0;3584;768;
[Bonus];15;0;3520;768;
[Bonus];16;0;3648;768;
[Bonus];17;0;3616;768;
[Bonus];18;0;3712;768;
[Bonus];19;0;3744;768;
[Bonus];20;0;3680;768;
[Bonus];21;0;3808;768;
[Bonus];22;0;3776;768;
[Bonus];23;0;3840;768;
[Bonus];24;0;3872;768;
[Bonus];25;0;3872;736;
[Bonus];26;0;3872;704;
[Bonus];27;0;3872;672;
[Bonus];28;0;3872;640;
[Bonus];29;0;3872;608;
[Bonus];30;0;3840;608;
[Bonus];31;0;3808;608;
[Bonus];32;0;3776;608;
[Bonus];33;0;3744;608;
[Bonus];34;0;3712;608;
[Bonus];35;0;3680;608;
[Bonus];36;0;3648;608;
[Bonus];37;0;3616;608;
[Bonus];38;0;3584;608;
[Bonus];39;0;3552;608;
[Bonus];40;0;3488;608;
[Bonus];41;0;3456;608;
[Bonus];42;0;3424;608;
[Bonus];43;0;3424;640;
[Bonus];44;0;3424;672;
[Bonus];45;0;3424;704;
[Bonus];46;0;3424;736;
[Bonus];47;0;3456;736;
[Bonus];48;0;3488;704;
[Bonus];49;0;3456;672;
[Bonus];50;0;3456;640;
[Bonus];51;0;3456;704;
[Bonus];52;0;3488;640;
[Bonus];53;0;3520;640;
[Bonus];54;0;3520;608;
[Bonus];55;0;3488;672;
[Bonus];56;0;3520;672;
[Bonus];57;0;3520;736;
[Bonus];58;0;3488;736;
[Bonus];59;0;3520;704;
[Bonus];60;0;3552;736;
[Bonus];61;0;3584;736;
[Bonus];62;0;3616;736;
[Bonus];63;0;3680;736;
[Bonus];64;0;3648;736;
[Bonus];65;0;3712;736;
[Bonus];66;0;3744;736;
[Bonus];67;0;3776;736;
[Bonus];68;0;3808;736;
[Bonus];69;0;3840;736;
[Bonus];70;0;3840;672;
[Bonus];71;0;3840;640;
[Bonus];72;0;3840;704;
[Bonus];73;0;3776;704;
[Bonus];74;0;3808;672;
[Bonus];75;0;3808;640;
[Bonus];76;0;3808;704;
[Bonus];77;0;3776;672;
[Bonus];78;0;3776;640;
[Bonus];79;0;3744;640;
[Bonus];80;0;3744;672;
[Bonus];81;0;3744;704;
[Bonus];82;0;3712;704;
[Bonus];83;0;3712;672;
[Bonus];84;0;3712;640;
[Bonus];85;0;3680;640;
[Bonus];86;0;3680;672;
[Bonus];87;0;3680;704;
[Bonus];88;0;3648;704;
[Bonus];89;0;3648;640;
[Bonus];90;0;3616;640;
[Bonus];91;0;3616;672;
[Bonus];92;0;3648;672;
[Bonus];93;0;3616;704;
[Bonus];94;0;3584;640;
[Bonus];95;0;3584;672;
[Bonus];96;0;3584;704;
[Bonus];97;0;3552;704;
[Bonus];98;0;3552;640;
[Bonus];99;0;3552;672;
[Bonus];100;0;3904;736;
[Bonus];101;0;3904;672;
[Bonus];102;0;3904;640;
[Bonus];103;0;3904;608;
[Bonus];104;0;3904;704;
[Bonus];105;0;5728;416;
[Bonus];106;0;5696;384;
[Bonus];107;0;5664;352;
[Bonus];108;0;5568;160;
[Bonus];109;0;5632;320;
[Bonus];110;0;5600;288;
[Bonus];111;0;5568;256;
[Bonus];112;0;5600;160;
[Bonus];113;0;5536;224;
[Bonus];114;0;5504;192;
[Bonus];115;0;5504;160;
[Bonus];116;0;5472;160;
[Bonus];117;0;5536;160;
[Bonus];118;0;5760;384;
[Bonus];119;0;5792;352;
[Bonus];120;0;5824;320;
[Bonus];121;0;5856;288;
[Bonus];122;0;5888;256;
[Bonus];123;0;5920;224;
[Bonus];124;0;5952;192;
[Bonus];125;0;5952;160;
[Bonus];126;0;5920;160;
[Bonus];127;0;5888;160;
[Bonus];128;0;5856;160;
[Bonus];129;0;5792;160;
[Bonus];130;0;5696;160;
[Bonus];131;0;5664;160;
[Bonus];132;0;5632;160;
[Bonus];133;0;5728;160;
[Bonus];134;0;5760;160;
[Bonus];135;0;5824;160;
[Bonus];136;0;5984;160;
[Bonus];137;0;5696;256;
[Bonus];138;0;5728;320;
[Bonus];139;0;5760;224;
[Bonus];140;0;5664;288;
[Bonus];141;0;5760;320;
[Bonus];142;0;5664;256;
[Bonus];143;0;5696;288;
[Bonus];144;0;5792;256;
[Bonus];145;0;5792;224;
[Bonus];146;0;5792;288;
[Bonus];147;0;5664;224;
[Bonus];148;0;5696;320;
[Bonus];149;0;5760;288;
[Bonus];150;0;5696;224;
[Bonus];151;0;5728;224;
[Bonus];152;0;5760;256;