[Header];World 1;Level 3;30;0;18;100;400;2000;240000;
==========================================================
[Block];0;0;0;96;-1;
[Block];1;0;128;96;-1;
[Block];2;0;256;96;-1;
[Block];3;0;384;96;-1;
[Block];4;0;640;96;-1;
[Block];5;0;512;96;-1;
[Block];6;0;768;96;-1;
[Block];7;0;896;96;-1;
[Block];8;0;1152;96;-1;
[Block];9;0;1024;96;-1;
[Block];10;0;1280;96;-1;
[Block];11;0;1408;96;-1;
[Block];12;0;1536;96;-1;
[Block];13;0;1664;96;-1;
[Block];14;0;1792;96;-1;
[Block];15;0;1920;96;-1;
[Block];16;0;2048;96;-1;
[Block];17;0;2176;96;-1;
[Block];18;0;2304;96;-1;
[Block];19;0;2432;96;-1;
[Block];20;0;2560;96;-1;
[Block];21;0;2688;96;-1;
[Block];22;0;2816;96;-1;
[Block];23;0;2944;96;-1;
[Block];24;0;-128;96;-1;
[Block];25;0;-256;96;-1;
[Block];26;0;-256;288;-1;
[Block];27;0;-256;384;-1;
[Block];28;0;-256;480;-1;
[Block];29;0;-256;192;-1;
==========================================================
==========================================================
[Bonus];0;0;352;480;
[Bonus];1;0;320;480;
[Bonus];2;0;352;320;
[Bonus];3;0;320;320;
[Bonus];4;0;384;288;
[Bonus];5;0;416;256;
[Bonus];6;0;416;192;
[Bonus];7;0;384;160;
[Bonus];8;0;352;160;
[Bonus];9;0;320;160;
[Bonus];10;0;288;160;
[Bonus];11;0;288;480;
[Bonus];12;0;384;480;
[Bonus];13;0;416;448;
[Bonus];14;0;384;352;
[Bonus];15;0;416;384;
[Bonus];16;0;416;416;
[Bonus];17;0;416;224;
