[Header];World 1;Level custom;57;10;90;100;400;4000;120000;
==========================================================
[Block];0;0;1024;0;-1;
[Block];1;0;896;0;-1;
[Block];2;0;1152;0;-1;
[Block];3;0;1280;0;-1;
[Block];4;0;768;0;-1;
[Block];5;0;640;0;-1;
[Block];6;0;512;0;-1;
[Block];7;0;384;0;-1;
[Block];8;0;256;0;-1;
[Block];9;0;128;0;-1;
[Block];10;0;0;0;-1;
[Block];11;0;-128;0;-1;
[Block];12;0;-256;0;-1;
[Block];13;0;-384;0;-1;
[Block];14;0;-384;96;-1;
[Block];15;0;-384;192;-1;
[Block];16;0;-384;288;-1;
[Block];17;0;-384;384;-1;
[Block];18;0;-384;480;-1;
[Block];19;3;352;96;-1;
[Block];20;3;704;96;-1;
[Block];21;1;480;224;-1;
[Block];22;1;576;224;-1;
[Block];23;3;992;96;-1;
[Block];24;0;1408;0;-1;
[Block];25;0;1536;0;-1;
[Block];26;0;1664;0;-1;
[Block];27;0;1792;0;-1;
[Block];28;0;1920;0;-1;
[Block];29;0;2048;0;-1;
[Block];30;0;2304;0;-1;
[Block];31;0;2176;0;-1;
[Block];32;0;2432;0;-1;
[Block];33;0;2560;0;-1;
[Block];34;0;2688;0;-1;
[Block];35;0;2816;0;-1;
[Block];36;0;2944;0;-1;
[Block];37;0;3072;0;-1;
[Block];38;0;3200;0;-1;
[Block];39;0;3328;0;-1;
[Block];40;0;3456;0;-1;
[Block];41;0;3584;0;-1;
[Block];42;0;3712;0;-1;
[Block];43;0;3840;0;-1;
[Block];44;0;3968;0;-1;
[Block];45;0;4096;0;-1;
[Block];46;0;4224;0;-1;
[Block];47;0;4352;0;-1;
[Block];48;0;4480;0;-1;
[Block];49;0;4608;0;-1;
[Block];50;3;96;352;-1;
[Block];51;3;128;352;-1;
[Block];52;3;160;352;-1;
[Block];53;3;96;544;-1;
[Block];54;3;224;480;-1;
[Block];55;3;0;576;-1;
[Block];56;3;256;224;-1;
==========================================================
[Enemy];0;1;428;99;
[Enemy];1;1;475;99;
[Enemy];2;1;516;101;
[Enemy];3;1;564;102;
[Enemy];4;1;612;102;
[Enemy];5;0;759;104;
[Enemy];6;0;793;103;
[Enemy];7;0;835;106;
[Enemy];8;0;861;106;
[Enemy];9;0;896;108;
==========================================================
[Bonus];0;0;-224;512;
[Bonus];1;0;-224;480;
[Bonus];2;0;-224;448;
[Bonus];3;0;-224;416;
[Bonus];4;0;-224;384;
[Bonus];5;0;-224;352;
[Bonus];6;0;-224;320;
[Bonus];7;0;-224;288;
[Bonus];8;0;-224;256;
[Bonus];9;0;-224;224;
[Bonus];10;0;-224;192;
[Bonus];11;0;-224;160;
[Bonus];12;0;-224;128;
[Bonus];13;0;-224;96;
[Bonus];14;0;-192;96;
[Bonus];15;0;-192;128;
[Bonus];16;0;-192;160;
[Bonus];17;0;-192;192;
[Bonus];18;0;-192;224;
[Bonus];19;0;-192;256;
[Bonus];20;0;-192;288;
[Bonus];21;0;-192;320;
[Bonus];22;0;-192;352;
[Bonus];23;0;-192;384;
[Bonus];24;0;-192;416;
[Bonus];25;0;-192;448;
[Bonus];26;0;-192;480;
[Bonus];27;0;-192;512;
[Bonus];28;0;-160;512;
[Bonus];29;0;-160;480;
[Bonus];30;0;-160;448;
[Bonus];31;0;-160;416;
[Bonus];32;0;-160;384;
[Bonus];33;0;-160;352;
[Bonus];34;0;-160;320;
[Bonus];35;0;-160;288;
[Bonus];36;0;-160;256;
[Bonus];37;0;-160;224;
[Bonus];38;0;-160;160;
[Bonus];39;0;-160;192;
[Bonus];40;0;-160;128;
[Bonus];41;0;-160;96;
[Bonus];42;0;-128;96;
[Bonus];43;0;-128;128;
[Bonus];44;0;-128;160;
[Bonus];45;0;-128;192;
[Bonus];46;0;-128;224;
[Bonus];47;0;-128;256;
[Bonus];48;0;-128;288;
[Bonus];49;0;-128;320;
[Bonus];50;0;-128;352;
[Bonus];51;0;-128;384;
[Bonus];52;0;-128;416;
[Bonus];53;0;-128;448;
[Bonus];54;0;-128;480;
[Bonus];55;0;-128;512;
[Bonus];56;0;-96;512;
[Bonus];57;0;-96;480;
[Bonus];58;0;-96;448;
[Bonus];59;0;-96;416;
[Bonus];60;0;-96;384;
[Bonus];61;0;-96;352;
[Bonus];62;0;-96;320;
[Bonus];63;0;-96;288;
[Bonus];64;0;-96;256;
[Bonus];65;0;-96;224;
[Bonus];66;0;-96;192;
[Bonus];67;0;-96;160;
[Bonus];68;0;-96;128;
[Bonus];69;0;-96;96;
[Bonus];70;0;-64;96;
[Bonus];71;0;-64;128;
[Bonus];72;0;-64;160;
[Bonus];73;0;-64;192;
[Bonus];74;0;-64;224;
[Bonus];75;0;-64;256;
[Bonus];76;0;-64;320;
[Bonus];77;0;-64;288;
[Bonus];78;0;-64;352;
[Bonus];79;0;-64;384;
[Bonus];80;0;-64;448;
[Bonus];81;0;-64;480;
[Bonus];82;0;-64;512;
[Bonus];83;0;-64;416;
[Bonus];84;0;-64;544;
[Bonus];85;0;-96;544;
[Bonus];86;0;-128;544;
[Bonus];87;0;-160;544;
[Bonus];88;0;-192;544;
[Bonus];89;0;-224;544;
